108 1 0 0 22.2800 0.2392 33.2603
18 1 0 0 23.2730 0.2482 34.4597
90 1 0 0 23.2640 0.2423 33.8102
42 1 0 0 19.2770 0.2971 32.2622
72 1 0 0 22.8470 0.2326 36.7976
54 1 0 0 21.5810 0.2623 41.2307
60 1 0 0 26.2560 0.2120 44.1801
156 1 0 0 23.1530 0.2226 50.4091
150 1 0 0 25.2640 0.2142 53.4074
114 1 0 0 29.4980 0.2106 54.6080
102 1 0 0 22.7910 0.2308 55.1483
240 1 0 0 34.3840 0.1863 55.0745
6 1 0 0 39.6940 0.1570 57.6219
144 1 0 0 27.9670 0.1954 56.0191
252 1 0 0 29.6130 0.1748 57.9222
12 1 0 0 31.1760 0.1890 60.6201
234 1 0 0 25.9100 0.2073 64.4092
186 1 0 0 32.1480 0.1845 65.2104
78 1 0 0 33.1680 0.1986 70.6225
48 1 0 0 36.5240 0.1562 70.8477
24 1 0 0 35.0660 0.1762 71.5237
66 1 0 0 32.6180 0.1650 67.7946
36 1 0 0 20.5440 0.2557 68.9375
132 1 0 0 40.8700 0.1357 75.6590
294 1 0 0 32.1900 0.1812 69.1170
198 1 0 0 33.7290 0.1697 78.7830
180 1 0 0 36.4590 0.1573 77.9650
192 1 0 0 35.6530 0.1572 82.6264
120 1 0 0 31.7750 0.1838 83.5300
126 1 0 0 32.7930 0.1702 84.9121
84 1 0 0 46.7480 0.1173 87.8028
162 1 0 0 26.0250 0.2077 86.9019
138 1 0 0 38.1080 0.1790 87.5471
30 1 0 0 31.1640 0.1900 89.6655
204 1 0 0 33.7950 0.2054 97.9424
246 0 1 0 58.4970 0.0000 107.1767
288 1 0 0 27.7140 0.2228 106.9230
54 1 0 0 22.3200 0.2536 32.1145
174 1 0 0 47.5200 0.1144 117.7241
108 1 0 0 22.6320 0.2355 32.0298
222 1 0 0 35.1460 0.1551 116.8071
42 1 0 0 19.1900 0.2984 39.6252
96 1 0 0 26.6510 0.2042 120.3001
72 1 0 0 22.7410 0.2337 39.9185
90 1 0 0 22.8490 0.2467 40.7956
210 1 0 0 30.2550 0.1732 122.9760
18 1 0 0 39.0930 0.1477 57.9937
156 1 0 0 22.8440 0.2256 39.4228
60 1 0 0 35.5240 0.1567 58.3759
144 1 0 0 27.3420 0.1999 56.0987
36 1 0 0 20.8460 0.2520 38.3698
6 1 0 0 33.9110 0.1837 61.4442
168 1 0 0 55.4130 0.1080 162.4052
150 1 0 0 33.3880 0.1620 67.8969
0 0 0 1 100.0110 0.0000 174.6274
102 1 0 0 40.3000 0.1305 82.3649
240 1 0 0 39.6320 0.1616 82.7166
84 1 0 0 25.6210 0.2140 52.4026
42 1 0 0 19.1950 0.2984 32.4332
132 1 0 0 41.2940 0.1343 69.2035
180 1 0 0 26.6280 0.2153 61.9787
234 1 0 0 26.7030 0.2012 62.4315
198 1 0 0 34.1790 0.1675 63.3312
66 1 0 0 36.0090 0.1494 88.3021
270 0 0 1 100.0670 0.0000 206.1157
72 1 0 0 23.2580 0.2285 38.8576
186 1 0 0 36.6430 0.1618 70.6666
30 1 0 0 34.7480 0.1704 71.4062
126 1 0 0 33.2170 0.1681 75.2628
90 1 0 0 22.8580 0.2466 34.2172
192 1 0 0 29.8770 0.1876 80.4433
204 1 0 0 33.2690 0.2086 82.3988
12 1 0 0 37.2450 0.1582 107.9808
78 1 0 0 32.1210 0.2051 105.5647
246 1 0 0 46.6360 0.1172 84.4874
108 1 0 0 22.1430 0.2407 40.1794
288 1 0 0 27.2130 0.2269 42.1263
276 0 0 1 100.0380 0.0000 227.4080
54 1 0 0 21.8350 0.2592 66.0248
120 1 0 0 32.4820 0.1798 120.5614
36 1 0 0 20.6850 0.2539 33.9560
48 1 0 0 50.6290 0.1127 124.9810
210 1 0 0 22.2740 0.2352 60.0780
18 1 0 0 39.3730 0.1467 58.9853
294 1 0 0 31.5940 0.1847 112.7161
258 0 0 1 100.0630 0.0000 253.7568
252 1 0 0 40.0490 0.1293 153.6542
60 1 0 0 35.3500 0.1575 49.8769
138 1 0 0 33.9210 0.2011 118.9543
222 1 0 0 32.7370 0.1666 72.9546
144 1 0 0 27.5600 0.1983 56.1551
228 0 0 1 100.0080 0.0000 264.6709
156 1 0 0 22.5680 0.2284 71.0062
6 1 0 0 41.6460 0.1496 65.4702
174 1 0 0 35.1200 0.1548 83.6993
150 1 0 0 25.1060 0.2155 65.1952
282 0 1 0 61.8790 0.0000 272.7264
42 1 0 0 19.2120 0.2981 30.5098
114 1 0 0 69.5540 0.0893 182.4595
216 0 0 1 100.0700 0.0000 287.3252
72 1 0 0 22.6810 0.2343 41.4198
30 1 0 0 32.1270 0.1843 56.9466
108 1 0 0 23.5470 0.2264 37.2994
264 0 0 1 100.0190 0.0000 308.3847
234 1 0 0 26.6300 0.2017 53.9688
102 1 0 0 47.4900 0.1108 87.5367
0 1 0 0 45.8560 0.1465 92.3385
96 1 0 0 42.0970 0.1293 117.1579
66 1 0 0 34.0900 0.1578 70.0174
198 1 0 0 44.9290 0.1274 65.7364
168 1 0 0 31.5720 0.1896 111.4841
54 1 0 0 23.3810 0.2421 33.6263
240 1 0 0 45.6730 0.1403 96.5665
180 1 0 0 34.1400 0.1680 70.3326
24 1 0 0 69.5410 0.0889 208.3991
90 1 0 0 22.8890 0.2462 51.7095
204 0 1 0 12.3770 0.0000 60.9972
78 1 0 0 31.9690 0.2061 68.7040
246 1 0 0 34.5920 0.1580 64.3788
84 1 0 0 53.2890 0.1029 85.1080
18 1 0 0 36.8560 0.1567 67.5760
48 1 0 0 35.3070 0.1616 67.9130
120 1 0 0 29.7360 0.1964 67.9389
36 1 0 0 20.2370 0.2596 68.4556
294 1 0 0 29.7700 0.1960 61.7583
132 1 0 0 42.0220 0.1320 109.1327
60 1 0 0 35.0560 0.1588 52.9127
276 1 0 0 39.1890 0.1616 84.8338
72 1 0 0 22.8500 0.2326 37.1433
42 1 0 0 19.2070 0.2982 38.8412
210 1 0 0 34.4920 0.1519 79.8377
156 1 0 0 23.4120 0.2201 40.7232
138 1 0 0 37.9620 0.1797 68.4492
108 1 0 0 22.0260 0.2420 30.9058
150 1 0 0 27.7410 0.1950 63.3307
252 1 0 0 30.2850 0.1710 59.4214
192 1 0 0 39.6080 0.1415 112.3029
186 1 0 0 47.1140 0.1259 135.8913
144 1 0 0 28.9830 0.1886 76.1450
174 1 0 0 30.6320 0.1774 69.7957
90 1 0 0 23.3840 0.2410 30.1664
54 1 0 0 22.0840 0.2563 33.4382
66 1 0 0 33.5680 0.1603 59.7098
114 1 0 0 38.9170 0.1596 77.1893
198 1 0 0 33.8670 0.1690 64.6346
228 1 0 0 45.7160 0.1387 89.0079
36 1 0 0 21.0730 0.2493 32.8514
270 0 0 1 100.0770 0.0000 173.1351
96 1 0 0 29.2590 0.1860 84.1847
6 1 0 0 38.6100 0.1614 128.4345
240 1 0 0 29.6320 0.2162 62.4237
276 0 1 0 11.4320 0.0000 24.2310
0 1 0 0 53.3250 0.1259 97.5385
294 1 0 0 27.5960 0.2114 48.6878
42 1 0 0 19.1940 0.2984 31.7275
84 1 0 0 27.1230 0.2022 57.2086
222 1 0 0 49.4360 0.1103 126.2000
18 1 0 0 34.3140 0.1683 62.5946
156 1 0 0 23.9410 0.2153 37.6950
102 1 0 0 54.7810 0.0960 108.1347
108 1 0 0 22.5290 0.2366 38.9936
72 1 0 0 22.2660 0.2387 39.2635
180 1 0 0 26.2510 0.2184 86.4750
246 1 0 0 32.4370 0.1685 65.3885
78 1 0 0 32.2750 0.2041 72.0288
204 1 0 0 42.4580 0.1635 95.9463
258 0 1 0 58.2640 0.0000 148.9004
48 1 0 0 46.5310 0.1226 89.9812
144 1 0 0 31.0470 0.1760 51.5148
234 1 0 0 36.9560 0.1454 135.8279
30 1 0 0 56.3540 0.1051 141.0119
168 1 0 0 32.8920 0.1819 115.9744
54 1 0 0 22.0090 0.2572 35.5526
60 1 0 0 41.4940 0.1341 73.7753
120 1 0 0 43.8810 0.1331 98.2846
24 1 0 0 61.1490 0.1011 123.5272
150 1 0 0 28.9530 0.1869 61.2598
210 1 0 0 35.6040 0.1471 83.3807
36 1 0 0 20.6020 0.2550 31.2593
90 1 0 0 23.4410 0.2404 42.9446
252 1 0 0 30.2970 0.1709 62.3441
282 0 0 1 100.0550 0.0000 187.9370
186 1 0 0 31.6020 0.1876 71.5653
174 1 0 0 34.3580 0.1582 83.6789
6 1 0 0 31.0820 0.2004 53.4216
138 1 0 0 61.2340 0.1114 107.0088
18 1 0 0 23.3980 0.2468 30.4395
66 1 0 0 42.8030 0.1257 80.2877
198 1 0 0 30.2940 0.1889 71.1291
0 1 0 0 28.4190 0.2363 43.0013
294 1 0 0 30.3890 0.1920 54.3713
42 1 0 0 19.2100 0.2981 37.9820
96 1 0 0 30.0390 0.1812 66.4695
192 1 0 0 35.8270 0.1564 100.0388
72 1 0 0 22.7970 0.2331 38.2774
240 1 0 0 34.1790 0.1874 72.9628
156 1 0 0 23.1140 0.2230 41.4921
132 1 0 0 31.0110 0.1789 134.6270
126 0 0 1 100.0000 0.0000 289.9275
108 1 0 0 22.6470 0.2354 49.4004
78 1 0 0 30.3530 0.2170 60.0505
90 1 0 0 22.8760 0.2464 33.8845
36 1 0 0 20.3690 0.2579 33.2362
54 1 0 0 23.0450 0.2456 36.0980
258 1 0 0 24.0560 0.2806 56.7539
276 0 1 0 31.2340 0.0000 97.3746
60 1 0 0 35.7490 0.1557 52.6764
270 0 1 0 57.1030 0.0000 107.2448
144 1 0 0 28.9850 0.1886 76.6699
84 1 0 0 25.2780 0.2169 86.4242
222 0 1 0 19.8850 0.0000 91.4308
180 1 0 0 31.6470 0.1812 95.0337
138 1 0 0 35.2370 0.1936 59.4492
72 1 0 0 22.9410 0.2317 38.7447
168 1 0 0 29.2050 0.2049 88.6056
120 1 0 0 32.8440 0.1778 88.7944
252 1 0 0 26.9320 0.1922 82.8976
264 0 0 1 100.0720 0.0000 281.1706
234 1 0 0 26.0180 0.2065 92.5966
150 1 0 0 24.6480 0.2195 90.7535
108 1 0 0 22.8940 0.2328 28.8630
48 1 0 0 34.7720 0.1641 116.3704
18 1 0 0 43.1990 0.1337 81.9899
0 1 0 0 31.3120 0.2145 53.8931
36 1 0 0 20.7910 0.2526 38.6748
42 1 0 0 19.2410 0.2976 62.7460
6 1 0 0 37.0010 0.1684 77.8073
216 0 0 1 100.0230 0.0000 316.2195
294 1 0 0 28.3020 0.2061 71.4504
198 1 0 0 34.0350 0.1682 67.0002
228 0 0 1 100.0760 0.0000 195.1153
156 1 0 0 23.9800 0.2149 42.0970
126 0 1 0 22.5700 0.0000 52.9493
54 1 0 0 22.2350 0.2546 36.8200
246 0 1 0 78.7630 0.0000 155.3394
204 0 1 0 45.4740 0.0000 151.6574
96 1 0 0 30.7630 0.1769 88.7448
210 1 0 0 37.2510 0.1406 127.0246
60 1 0 0 28.8870 0.1927 43.9943
132 1 0 0 37.8060 0.1467 69.2694
240 1 0 0 38.8660 0.1648 68.7500
270 1 0 0 34.4780 0.1714 58.3418
84 1 0 0 24.5560 0.2233 41.3199
72 1 0 0 23.6950 0.2243 36.3471
276 1 0 0 32.6430 0.1940 71.9732
222 1 0 0 27.9340 0.1952 55.6062
162 1 0 0 28.7380 0.1881 533.6224
102 0 0 1 100.0790 0.0000 201.3933
192 1 0 0 34.8690 0.1607 129.4790
180 1 0 0 26.6220 0.2154 61.4470
66 1 0 0 33.3050 0.1616 126.7709
36 1 0 0 20.8930 0.2514 30.0337
252 1 0 0 29.3380 0.1765 52.3158
144 1 0 0 28.2190 0.1937 75.4948
42 1 0 0 19.2640 0.2973 31.5559
234 1 0 0 26.2510 0.2046 58.3298
108 1 0 0 22.4210 0.2377 40.5295
6 1 0 0 35.1870 0.1771 53.3935
138 1 0 0 30.1720 0.2261 69.2322
18 1 0 0 39.7380 0.1453 54.2498
120 0 1 0 19.7060 0.0000 78.1964
228 0 1 0 15.9800 0.0000 30.1472
294 1 0 0 30.0600 0.1941 55.5627
156 1 0 0 23.6850 0.2176 40.0432
12 1 0 0 31.2730 0.1884 473.5238
54 1 0 0 21.1520 0.2676 46.9032
186 0 0 1 100.0720 0.0000 217.2338
246 1 0 0 32.9390 0.1659 57.7427
282 0 0 1 100.0290 0.0000 214.0550
96 1 0 0 28.2560 0.1926 58.4382
72 1 0 0 22.9710 0.2314 47.1506
132 1 0 0 36.8620 0.1505 69.2928
84 1 0 0 35.1580 0.1560 56.0091
150 1 0 0 25.8830 0.2090 121.8064
168 1 0 0 40.6070 0.1474 122.5869
0 1 0 0 29.4580 0.2280 109.1059
288 1 0 0 30.4470 0.2028 468.8083
48 1 0 0 48.1740 0.1184 106.4040
204 1 0 0 31.2430 0.2222 79.8754
36 1 0 0 20.2760 0.2591 34.5742
102 1 0 0 28.3250 0.1857 52.0955
126 0 1 0 29.4910 0.0000 99.7883
60 1 0 0 29.7010 0.1874 99.0230
180 1 0 0 32.8400 0.1746 73.8906
6 1 0 0 37.4950 0.1662 59.3951
252 1 0 0 31.1550 0.1662 55.1037
210 1 0 0 48.2740 0.1085 115.1821
234 1 0 0 27.4490 0.1957 59.7701
240 1 0 0 56.8880 0.1126 118.3462
276 1 0 0 32.3560 0.1957 101.6207
192 1 0 0 38.1360 0.1470 88.1259
54 1 0 0 23.1850 0.2441 33.5283
66 1 0 0 31.1300 0.1728 100.3517
114 0 0 1 100.0270 0.0000 405.3134
0 0 1 0 19.2070 0.0000 29.4647
144 1 0 0 28.4220 0.1923 91.3269
18 1 0 0 38.1500 0.1514 95.7129
222 1 0 0 32.4970 0.1678 108.5130
246 1 0 0 31.1940 0.1752 56.8051
264 0 0 1 100.0770 0.0000 204.4153
48 0 1 0 19.2580 0.0000 38.4272
198 0 0 1 100.0890 0.0000 184.0470
96 1 0 0 36.8700 0.1476 65.9788
270 1 0 0 53.4270 0.1106 144.9912
84 1 0 0 26.5720 0.2064 44.4292
12 1 0 0 32.1030 0.1836 74.0214
102 1 0 0 28.1490 0.1869 54.6078
138 1 0 0 31.4740 0.2168 120.8601
288 1 0 0 25.3590 0.2435 47.4825
42 1 0 0 19.2260 0.2979 122.5120
162 1 0 0 46.9000 0.1152 158.3714
60 1 0 0 36.6150 0.1520 55.2585
150 1 0 0 25.7540 0.2101 82.9752
294 1 0 0 30.4410 0.1916 121.9863
282 1 0 0 58.7880 0.1046 110.6766
180 1 0 0 36.0330 0.1591 79.4940
132 1 0 0 42.9990 0.1290 111.4239
18 1 0 0 35.2400 0.1639 51.3766
258 1 0 0 81.4960 0.0828 334.9275
198 1 0 0 36.6500 0.1562 55.5878
252 1 0 0 26.9270 0.1923 58.4493
144 1 0 0 31.0320 0.1761 58.6732
186 1 0 0 35.5680 0.1667 151.0218
90 1 0 0 23.2290 0.2426 339.3277
168 1 0 0 36.4410 0.1642 127.9257
192 1 0 0 32.5010 0.1724 79.5158
84 1 0 0 27.6490 0.1983 49.2585
12 1 0 0 28.2080 0.2089 51.9126
222 1 0 0 36.5100 0.1493 77.8043
210 1 0 0 32.7180 0.1601 83.9946
0 1 0 0 27.9370 0.2404 86.2317
60 1 0 0 26.8210 0.2075 42.8217
126 1 0 0 38.9130 0.1435 147.1007
276 1 0 0 32.7410 0.1934 101.2522
138 1 0 0 33.0060 0.2067 63.4055
204 1 0 0 31.7830 0.2184 160.1620
270 1 0 0 35.0530 0.1686 92.4982
102 1 0 0 30.4200 0.1729 72.8560
150 1 0 0 25.6790 0.2107 54.0195
234 1 0 0 25.0430 0.2145 122.8392
288 1 0 0 35.6420 0.1732 74.3480
6 1 0 0 71.8680 0.0867 134.1993
258 1 0 0 28.6600 0.2355 51.7696
114 0 0 1 100.0910 0.0000 145.6442
252 1 0 0 31.7510 0.1631 54.9989
294 1 0 0 30.5090 0.1912 78.2481
180 1 0 0 41.1670 0.1393 83.9215
66 1 0 0 34.6530 0.1553 151.7546
174 0 0 1 100.0060 0.0000 506.4713
30 1 0 0 32.8770 0.1801 508.5681
162 1 0 0 46.4540 0.1164 116.2422
144 1 0 0 28.5280 0.1916 74.0607
216 0 0 1 100.0600 0.0000 372.6282
210 0 1 0 19.9430 0.0000 55.0673
132 1 0 0 37.4040 0.1483 79.0772
186 1 0 0 29.0900 0.2039 58.0317
240 0 0 1 100.0630 0.0000 178.6089
48 1 0 0 63.4810 0.0899 179.4603
222 1 0 0 28.6890 0.1901 64.9528
84 1 0 0 31.1730 0.1759 64.9455
228 0 0 1 100.0200 0.0000 293.8895
192 0 1 0 31.8710 0.0000 73.3477
246 0 0 1 100.0710 0.0000 191.2693
168 1 0 0 38.8970 0.1539 80.0610
270 1 0 0 31.9200 0.1851 56.9665
204 0 1 0 29.3140 0.0000 62.3312
126 1 0 0 31.8100 0.1755 68.6107
276 1 0 0 32.4840 0.1949 69.7275
0 1 0 0 38.0860 0.1763 74.4339
108 1 0 0 24.5400 0.2172 318.9537
150 1 0 0 29.1350 0.1857 57.0840
102 1 0 0 29.8260 0.1764 77.3830
198 1 0 0 32.2540 0.1775 127.4673
96 1 0 0 23.5490 0.2311 183.2682
12 1 0 0 28.7320 0.2051 106.1396
66 1 0 0 30.7690 0.1749 57.2153
24 1 0 0 73.9310 0.0836 606.9039
234 1 0 0 28.2270 0.1903 82.8390
288 1 0 0 29.6420 0.2083 85.9674
252 1 0 0 29.7120 0.1743 64.9154
138 1 0 0 30.1230 0.2265 115.4316
114 1 0 0 39.3500 0.1579 77.7712
6 1 0 0 31.2900 0.1991 80.3289
30 1 0 0 24.4010 0.2427 61.3091
132 1 0 0 39.8790 0.1391 62.9117
180 1 0 0 43.3420 0.1323 86.8758
156 1 0 0 22.8920 0.2251 327.4370
240 1 0 0 32.5960 0.1965 53.2279
186 1 0 0 35.4710 0.1672 62.6992
216 1 0 0 29.9730 0.1886 59.4592
162 1 0 0 35.1840 0.1536 74.6264
0 1 0 0 28.0600 0.2393 41.5778
174 1 0 0 31.8690 0.1705 76.0359
12 1 0 0 30.7630 0.1916 54.9027
48 1 0 0 42.5670 0.1341 119.5998
102 1 0 0 27.4040 0.1920 59.9427
282 0 0 1 100.0500 0.0000 267.8142
168 1 0 0 43.5310 0.1375 102.9546
198 1 0 0 33.9040 0.1688 59.2415
210 1 0 0 49.9270 0.1049 113.9631
78 1 0 0 29.9320 0.2201 592.2059
264 0 0 1 100.0260 0.0000 334.5334
66 1 0 0 38.4420 0.1400 67.0243
234 1 0 0 25.8950 0.2075 69.3391
204 1 0 0 33.9250 0.2046 112.8784
246 0 1 0 45.1370 0.0000 105.9904
30 1 0 0 30.7020 0.1929 50.9080
126 1 0 0 37.2630 0.1498 85.6054
24 1 0 0 45.4740 0.1359 98.8940
132 1 0 0 32.6630 0.1698 76.3362
156 1 0 0 23.7090 0.2174 82.8112
270 0 0 1 100.0350 0.0000 171.7181
240 1 0 0 32.5830 0.1966 85.3162
12 1 0 0 29.0530 0.2028 44.0973
186 1 0 0 30.7900 0.1926 101.1275
216 1 0 0 29.6480 0.1907 105.4614
30 1 0 0 25.2410 0.2346 44.8527
114 1 0 0 57.4930 0.1080 139.2675
228 0 0 1 100.0940 0.0000 215.4751
246 1 0 0 26.5570 0.2058 50.6407
222 0 0 1 100.0700 0.0000 232.8279
138 1 0 0 83.2850 0.0819 158.3079
204 1 0 0 32.6620 0.2125 75.6790
90 1 0 0 23.0060 0.2450 329.2925
258 1 0 0 74.0890 0.0911 286.7759
162 1 0 0 49.7130 0.1087 169.6886
120 1 0 0 33.8780 0.1724 589.6646
78 1 0 0 32.3940 0.2034 107.0980
126 1 0 0 36.0110 0.1550 86.4016
210 1 0 0 40.0820 0.1307 113.7505
192 0 0 1 100.0070 0.0000 279.8053
96 1 0 0 26.8640 0.2026 225.8137
12 1 0 0 31.1280 0.1893 52.3518
270 1 0 0 32.2150 0.1834 51.8687
228 0 1 0 15.7020 0.0000 34.2173
186 1 0 0 29.8220 0.1988 66.3307
30 1 0 0 30.4140 0.1947 76.6326
90 1 0 0 22.7100 0.2482 42.0610
24 1 0 0 46.4060 0.1332 142.8217
282 0 1 0 72.0940 0.0000 196.8334
114 1 0 0 37.5620 0.1654 78.4831
96 1 0 0 27.2500 0.1997 52.6733
222 1 0 0 31.2030 0.1747 102.8390
192 1 0 0 27.9800 0.2003 63.1045
264 0 0 1 100.0200 0.0000 219.8808
78 1 0 0 29.5180 0.2232 67.8686
174 0 0 1 100.0470 0.0000 288.1583
294 1 0 0 29.4580 0.1980 422.3619
126 1 0 0 40.6780 0.1372 91.8424
120 1 0 0 33.3860 0.1749 92.4394
30 1 0 0 25.2180 0.2348 63.2781
114 1 0 0 37.2270 0.1669 58.9859
282 0 1 0 37.4550 0.0000 71.7124
24 1 0 0 56.9480 0.1085 116.0996
12 1 0 0 76.2710 0.0773 178.6115
288 1 0 0 26.8390 0.2300 399.0226
174 1 0 0 34.4040 0.1580 90.7199
120 1 0 0 31.3860 0.1861 77.0332
78 1 0 0 32.1330 0.2050 104.5843
114 1 0 0 38.1160 0.1630 65.0810
216 0 0 1 100.0720 0.0000 346.8705
282 0 1 0 37.5070 0.0000 82.7311
258 0 0 1 100.1010 0.0000 312.0344
288 0 1 0 16.0990 0.0000 38.5510
228 0 0 1 100.0390 0.0000 264.6052
270 1 0 0 39.3810 0.1501 277.9463
78 1 0 0 30.6620 0.2149 67.1249
174 1 0 0 31.0270 0.1752 69.9981
24 1 0 0 43.9310 0.1407 130.7281
288 1 0 0 27.3100 0.2261 50.2559
120 1 0 0 43.1550 0.1353 118.5407
216 1 0 0 33.9930 0.1663 80.7795
258 1 0 0 30.3560 0.2224 75.6333
264 0 0 1 100.0450 0.0000 279.0725
24 1 0 0 33.5370 0.1843 68.2287
282 0 1 0 76.4830 0.0000 149.2159
288 0 1 0 15.3700 0.0000 40.1608
174 1 0 0 31.5460 0.1723 83.7484
48 1 0 0 34.3770 0.1660 621.1845
276 1 0 0 39.4870 0.1603 752.2203
24 1 0 0 29.1580 0.2120 66.6447
276 0 1 0 16.6130 0.0000 52.9423
216 0 0 1 100.0430 0.0000 222.0923
258 0 0 1 100.0870 0.0000 245.9176
282 0 0 1 100.0950 0.0000 221.3763
264 0 0 1 100.0540 0.0000 279.6735
162 1 0 0 43.6380 0.1239 740.8363
168 1 0 0 28.7250 0.2083 872.5192
216 1 0 0 34.6380 0.1632 158.3079
168 1 0 0 31.0110 0.1930 106.4964
264 0 0 1 100.0010 0.0000 227.1305
258 0 0 1 100.0220 0.0000 255.6118
216 0 0 1 100.0310 0.0000 226.3539
228 0 0 1 100.0110 0.0000 782.9365
228 1 0 0 39.9730 0.1586 105.8604
264 0 0 1 100.0430 0.0000 278.0858
264 0 0 1 100.0120 0.0000 280.4062
162 1 0 0 38.9900 0.1386 1167.8844
162 1 0 0 52.9690 0.1020 1565.7084
162 1 0 0 54.4820 0.0992 1587.9908
